{"name": "Robot2012","bodies": [{"id": 32,"position": {"x11": -3.4917679130574975E-4,"x12": 3.492987583404439E-4,"x13": 0.9999998780329657,"x14": 0.0,"x21": 0.9999998780329657,"x22": -3.4917679130574975E-4,"x23": 3.492987583404439E-4,"x24": 5.907,"x31": 3.492987583404439E-4,"x32": 0.9999998780329657,"x33": -3.4917679130574975E-4,"x34": 0.04349,"x41": 0.0,"x42": 0.0,"x43": 0.0,"x44": 1.0},"type": "EXTERNAL","de.fumanoids.message.BodyExternal.path": "bodies/rx64.js"},{"id": 52,"position": {"x11": -2.0367320369517786E-4,"x12": 0.0,"x13": 0.9999999792586128,"x14": -0.921,"x21": 0.0,"x22": 1.0,"x23": 0.0,"x24": 3.175,"x31": -0.9999999792586128,"x32": 0.0,"x33": -2.0367320369517786E-4,"x34": 0.141,"x41": 0.0,"x42": 0.0,"x43": 0.0,"x44": 1.0},"type": "EXTERNAL","de.fumanoids.message.BodyExternal.path": "bodies/rx64.js"},{"id": 34,"position": {"x11": -4.5612082806290033E-4,"x12": -0.9999997918588095,"x13": -4.5632896925362765E-4,"x14": 0.0,"x21": -4.5632896925362765E-4,"x22": -4.5612082806290033E-4,"x23": 0.9999997918588095,"x24": 9.017,"x31": -0.9999997918588095,"x32": 4.5632896925362765E-4,"x33": -4.5612082806290033E-4,"x34": 0.2,"x41": 0.0,"x42": 0.0,"x43": 0.0,"x44": 1.0},"type": "EXTERNAL","de.fumanoids.message.BodyExternal.path": "bodies/rx28.js"},{"id": 58,"position": {"x11": -0.9999999170344522,"x12": 2.880374009834031E-4,"x13": -2.880374009834031E-4,"x14": 0.0,"x21": -2.880374009834031E-4,"x22": 4.1482773771583936E-8,"x23": 0.9999999585172259,"x24": 7.855,"x31": 2.880374009834031E-4,"x32": 0.9999999585172259,"x33": 4.1482773771583936E-8,"x34": -0.515,"x41": 0.0,"x42": 0.0,"x43": 0.0,"x44": 1.0},"type": "EXTERNAL","de.fumanoids.message.BodyExternal.path": "bodies/torso.js"},{"id": 44,"position": {"x11": 0.7067583695283024,"x12": -0.7074550040622674,"x13": -1.5597741026147747E-4,"x14": 2.44,"x21": -0.7074550040622674,"x22": -0.7067582865627549,"x23": -3.763005929023634E-4,"x24": 8.127,"x31": 1.5597741026147747E-4,"x32": 3.763005929023634E-4,"x33": -0.9999999170344522,"x34": 0.604,"x41": 0.0,"x42": 0.0,"x43": 0.0,"x44": 1.0},"type": "EXTERNAL","de.fumanoids.message.BodyExternal.path": "bodies/rx28.js"},{"id": 59,"position": {"x11": -2.0367320369517786E-4,"x12": 0.0,"x13": 0.9999999792586128,"x14": 0.807,"x21": 0.0,"x22": 1.0,"x23": 0.0,"x24": 5.893,"x31": -0.9999999792586128,"x32": 0.0,"x33": -2.0367320369517786E-4,"x34": 0.476,"x41": 0.0,"x42": 0.0,"x43": 0.0,"x44": 1.0},"type": "EXTERNAL","parentID": 9,"de.fumanoids.message.BodyExternal.path": "bodies/rx64Assembly.js"},{"id": 51,"position": {"x11": -2.0367320369517786E-4,"x12": 0.0,"x13": 0.9999999792586128,"x14": 0.918,"x21": 0.0,"x22": 1.0,"x23": 0.0,"x24": 3.175,"x31": -0.9999999792586128,"x32": 0.0,"x33": -2.0367320369517786E-4,"x34": 0.141,"x41": 0.0,"x42": 0.0,"x43": 0.0,"x44": 1.0},"type": "EXTERNAL","de.fumanoids.message.BodyExternal.path": "bodies/rx64.js"},{"id": 37,"position": {"x11": 0.7067583695283024,"x12": -0.7074550040622674,"x13": -1.5597741026147747E-4,"x14": 1.327,"x21": -0.7074550040622674,"x22": -0.7067582865627549,"x23": -3.763005929023634E-4,"x24": 9.236,"x31": 1.5597741026147747E-4,"x32": 3.763005929023634E-4,"x33": -0.9999999170344522,"x34": -0.03713,"x41": 0.0,"x42": 0.0,"x43": 0.0,"x44": 1.0},"type": "EXTERNAL","parentID": 4,"de.fumanoids.message.BodyExternal.path": "bodies/upperarm.js"},{"id": 72,"position": {"x11": -0.9999999170344522,"x12": 2.880374009834031E-4,"x13": -2.880374009834031E-4,"x14": -0.93,"x21": -2.880374009834031E-4,"x22": 4.1482773771583936E-8,"x23": 0.9999999585172259,"x24": 0.171,"x31": 2.880374009834031E-4,"x32": 0.9999999585172259,"x33": 4.1482773771583936E-8,"x34": 0.18,"x41": 0.0,"x42": 0.0,"x43": 0.0,"x44": 1.0},"type": "EXTERNAL","parentID": 31,"de.fumanoids.message.BodyExternal.path": "bodies/footPlate.js"},{"id": 42,"position": {"x11": 0.7135195258508811,"x12": 1.897957428766972E-4,"x13": 0.7006353189834996,"x14": -3.59,"x21": 0.7006353189834996,"x22": -4.641768387427525E-4,"x23": -0.7135194001095923,"x24": 7.447,"x31": 1.897957428766972E-4,"x32": 0.9999998742587114,"x33": -4.641768387427525E-4,"x34": 0.265,"x41": 0.0,"x42": 0.0,"x43": 0.0,"x44": 1.0},"type": "EXTERNAL","de.fumanoids.message.BodyExternal.path": "bodies/rx28.js"},{"id": 71,"position": {"x11": -3.4917679130574975E-4,"x12": -0.9999998780329657,"x13": -3.492987583404439E-4,"x14": -0.932,"x21": -3.492987583404439E-4,"x22": -3.4917679130574975E-4,"x23": 0.9999998780329657,"x24": 1.256,"x31": -0.9999998780329657,"x32": 3.492987583404439E-4,"x33": -3.4917679130574975E-4,"x34": 0.503,"x41": 0.0,"x42": 0.0,"x43": 0.0,"x44": 1.0},"type": "EXTERNAL","parentID": 30,"de.fumanoids.message.BodyExternal.path": "bodies/rx64Assembly.js"},{"id": 46,"position": {"x11": -4.5612082806290033E-4,"x12": -4.5632896925362765E-4,"x13": 0.9999997918588095,"x14": 0.995,"x21": -0.9999997918588095,"x22": -4.5612082806290033E-4,"x23": -4.5632896925362765E-4,"x24": 9.184,"x31": 4.5632896925362765E-4,"x32": -0.9999997918588095,"x33": -4.5612082806290033E-4,"x34": 0.279,"x41": 0.0,"x42": 0.0,"x43": 0.0,"x44": 1.0},"type": "EXTERNAL","de.fumanoids.message.BodyExternal.path": "bodies/rx28.js"},{"id": 38,"position": {"x11": -0.7067582865627549,"x12": -0.7074550040622674,"x13": -3.763005929023634E-4,"x14": -1.329,"x21": -0.7074550040622674,"x22": 0.7067583695283024,"x23": -1.5597741026147747E-4,"x24": 9.236,"x31": 3.763005929023634E-4,"x32": 1.5597741026147747E-4,"x33": -0.9999999170344522,"x34": -0.03573,"x41": 0.0,"x42": 0.0,"x43": 0.0,"x44": 1.0},"type": "EXTERNAL","parentID": 7,"de.fumanoids.message.BodyExternal.path": "bodies/upperarm.js"},{"id": 49,"position": {"x11": -2.0367320369517786E-4,"x12": 0.0,"x13": 0.9999999792586128,"x14": 0.916,"x21": 0.0,"x22": 1.0,"x23": 0.0,"x24": 3.758,"x31": -0.9999999792586128,"x32": 0.0,"x33": -2.0367320369517786E-4,"x34": 0.141,"x41": 0.0,"x42": 0.0,"x43": 0.0,"x44": 1.0},"type": "EXTERNAL","de.fumanoids.message.BodyExternal.path": "bodies/rx64.js"},{"id": 50,"position": {"x11": -2.0367320369517786E-4,"x12": 0.0,"x13": 0.9999999792586128,"x14": -0.921,"x21": 0.0,"x22": 1.0,"x23": 0.0,"x24": 3.758,"x31": -0.9999999792586128,"x32": 0.0,"x33": -2.0367320369517786E-4,"x34": 0.141,"x41": 0.0,"x42": 0.0,"x43": 0.0,"x44": 1.0},"type": "EXTERNAL","de.fumanoids.message.BodyExternal.path": "bodies/rx64.js"},{"id": 45,"position": {"x11": -0.7070765421696694,"x12": -6.735047284696649E-4,"x13": -0.7071366981742389,"x14": 3.58,"x21": 0.7071366981742389,"x22": 2.789915379481922E-4,"x23": -0.7070768078921537,"x24": 7.441,"x31": 6.735047284696649E-4,"x32": -0.9999997342775162,"x33": 2.789915379481922E-4,"x34": 0.266,"x41": 0.0,"x42": 0.0,"x43": 0.0,"x44": 1.0},"type": "EXTERNAL","de.fumanoids.message.BodyExternal.path": "bodies/rx28.js"},{"id": 55,"position": {"x11": 1.2113265783536553E-4,"x12": -0.9999999853286564,"x13": -1.2111798649139249E-4,"x14": 0.915,"x21": 1.2111798649139249E-4,"x22": 1.2113265783536553E-4,"x23": -0.9999999853286564,"x24": 0.855,"x31": 0.9999999853286564,"x32": 1.2111798649139249E-4,"x33": 1.2113265783536553E-4,"x34": 0.0696,"x41": 0.0,"x42": 0.0,"x43": 0.0,"x44": 1.0},"type": "EXTERNAL","de.fumanoids.message.BodyExternal.path": "bodies/rx28.js"},{"id": 39,"position": {"x11": 0.7072134211736267,"x12": 0.0012068865108273985,"x13": -0.7069990950042613,"x14": 3.374,"x21": -0.7069997050075092,"x22": 1.1710431534198151E-4,"x23": -0.7072138314582614,"x24": 7.022,"x31": -7.70734188489719E-4,"x32": 0.9999992648554945,"x33": 9.360861506197138E-4,"x34": 0.5,"x41": 0.0,"x42": 0.0,"x43": 0.0,"x44": 1.0},"type": "EXTERNAL","parentID": 5,"de.fumanoids.message.BodyExternal.path": "bodies/forearm.js"},{"id": 67,"position": {"x11": 5.223541759401269E-4,"x12": 3.577617612218406E-5,"x13": -0.9999998629330806,"x14": -1.359,"x21": -0.06036907977235388,"x22": 0.9981761238328597,"x23": 4.176884462955832E-6,"x24": 3.761,"x31": 0.9981759871653666,"x32": 0.060369069315937045,"x33": 5.235612414380933E-4,"x34": 0.146,"x41": 0.0,"x42": 0.0,"x43": 0.0,"x44": 1.0},"type": "EXTERNAL","parentID": 22,"de.fumanoids.message.BodyExternal.path": "bodies/halfLegFront.js"},{"id": 56,"position": {"x11": 1.2113265783536553E-4,"x12": 0.9999999853286564,"x13": -1.2111798649139249E-4,"x14": -0.923,"x21": -1.2111798649139249E-4,"x22": 1.2113265783536553E-4,"x23": 0.9999999853286564,"x24": 0.194,"x31": 0.9999999853286564,"x32": -1.2111798649139249E-4,"x33": 1.2113265783536553E-4,"x34": 0.07059,"x41": 0.0,"x42": 0.0,"x43": 0.0,"x44": 1.0},"type": "EXTERNAL","de.fumanoids.message.BodyExternal.path": "bodies/rx28.js"},{"id": 70,"position": {"x11": 9.847530516582381E-6,"x12": -2.1261675892025184E-4,"x13": 0.9999999773485698,"x14": -0.486,"x21": 0.09243345769462835,"x22": -0.9957188411859691,"x23": -2.1261675892025184E-4,"x24": 3.172,"x31": 0.9957188638373994,"x32": 0.09243345769462835,"x33": 9.847530516582381E-6,"x34": -0.245,"x41": 0.0,"x42": 0.0,"x43": 0.0,"x44": 1.0},"type": "EXTERNAL","parentID": 27,"de.fumanoids.message.BodyExternal.path": "bodies/halfLegBack.js"},{"id": 57,"position": {"x11": -0.9999999170344522,"x12": 0.0,"x13": -4.0734639894142617E-4,"x14": 0.369,"x21": 0.0,"x22": 1.0,"x23": 0.0,"x24": 9.923,"x31": 4.0734639894142617E-4,"x32": 0.0,"x33": -0.9999999170344522,"x34": 0.323,"x41": 0.0,"x42": 0.0,"x43": 0.0,"x44": 1.0},"type": "EXTERNAL","parentID": 1,"de.fumanoids.message.BodyExternal.path": "bodies/camera.js"},{"id": 68,"position": {"x11": 9.804922611218025E-4,"x12": 7.630930176535933E-5,"x13": -0.9999995164057912,"x14": -1.36,"x21": -0.07400195766898562,"x22": 0.9972580961058243,"x23": 3.54172390413382E-6,"x24": 3.76,"x31": 0.997257614107851,"x32": 0.07400191840943457,"x33": 9.834508832918135E-4,"x34": -0.258,"x41": 0.0,"x42": 0.0,"x43": 0.0,"x44": 1.0},"type": "EXTERNAL","parentID": 23,"de.fumanoids.message.BodyExternal.path": "bodies/halfLegBack.js"},{"id": 62,"position": {"x11": 4.4585995464530015E-6,"x12": -1.3268659745093586E-4,"x13": 0.9999999911871937,"x14": 1.347,"x21": 0.06712917453863415,"x22": -0.9977442840327517,"x23": -1.3268659745093586E-4,"x24": 3.169,"x31": 0.9977442928455578,"x32": 0.06712917453863415,"x33": 4.4585995464530015E-6,"x34": 0.147,"x41": 0.0,"x42": 0.0,"x43": 0.0,"x44": 1.0},"type": "EXTERNAL","parentID": 15,"de.fumanoids.message.BodyExternal.path": "bodies/halfLegFront.js"},{"id": 64,"position": {"x11": -3.4917679130574975E-4,"x12": -0.9999998780329657,"x13": -3.492987583404439E-4,"x14": 0.916,"x21": -3.492987583404439E-4,"x22": -3.4917679130574975E-4,"x23": 0.9999998780329657,"x24": 1.256,"x31": -0.9999998780329657,"x32": 3.492987583404439E-4,"x33": -3.4917679130574975E-4,"x34": 0.506,"x41": 0.0,"x42": 0.0,"x43": 0.0,"x44": 1.0},"type": "EXTERNAL","parentID": 19,"de.fumanoids.message.BodyExternal.path": "bodies/rx64Assembly.js"},{"id": 60,"position": {"x11": 5.097519892010923E-4,"x12": 1.528865846327568E-5,"x13": -0.9999998699595748,"x14": 0.474,"x21": -0.05993077959726628,"x22": 0.9982025352718359,"x23": -1.528865846327568E-5,"x24": 3.761,"x31": 0.9982024052314108,"x32": 0.05993077959726628,"x33": 5.097519892010923E-4,"x34": 0.145,"x41": 0.0,"x42": 0.0,"x43": 0.0,"x44": 1.0},"type": "EXTERNAL","parentID": 11,"de.fumanoids.message.BodyExternal.path": "bodies/halfLegFront.js"},{"id": 40,"position": {"x11": -0.7071655414768281,"x12": 5.477785547469693E-4,"x13": -0.7070478038198262,"x14": -3.034,"x21": -0.7070478038198262,"x22": 2.2687057271475464E-4,"x23": 0.7071657172426447,"x24": 6.652,"x31": 5.477785547469693E-4,"x32": 0.9999998242341839,"x33": 2.2687057271475464E-4,"x34": 0.498,"x41": 0.0,"x42": 0.0,"x43": 0.0,"x44": 1.0},"type": "EXTERNAL","parentID": 8,"de.fumanoids.message.BodyExternal.path": "bodies/forearm.js"},{"id": 61,"position": {"x11": 0.001047642099700938,"x12": 5.9737112867393194E-5,"x13": -0.9999994494386026,"x14": 0.474,"x21": -0.07577106647159682,"x22": 0.9971252404252432,"x23": -1.9815587054383688E-5,"x24": 3.761,"x31": 0.9971246902628517,"x32": 0.0757710455146158,"x33": 0.0010491567252938008,"x34": -0.255,"x41": 0.0,"x42": 0.0,"x43": 0.0,"x44": 1.0},"type": "EXTERNAL","parentID": 12,"de.fumanoids.message.BodyExternal.path": "bodies/halfLegBack.js"},{"id": 33,"position": {"x11": -3.8898037488095276E-4,"x12": 0.0,"x13": 0.9999999243471311,"x14": -0.329,"x21": -0.0,"x22": 0.9999999999999999,"x23": 0.0,"x24": 9.919,"x31": -0.9999999243471311,"x32": -0.0,"x33": -3.8898037488095276E-4,"x34": 0.2,"x41": 0.0,"x42": 0.0,"x43": 0.0,"x44": 1.0},"type": "EXTERNAL","de.fumanoids.message.BodyExternal.path": "bodies/rx28.js"},{"id": 65,"position": {"x11": -0.9999999170344522,"x12": 2.880374009834031E-4,"x13": -2.880374009834031E-4,"x14": 0.921,"x21": -2.880374009834031E-4,"x22": 4.1482773771583936E-8,"x23": 0.9999999585172259,"x24": 0.171,"x31": 2.880374009834031E-4,"x32": 0.9999999585172259,"x33": 4.1482773771583936E-8,"x34": 0.171,"x41": 0.0,"x42": 0.0,"x43": 0.0,"x44": 1.0},"type": "EXTERNAL","parentID": 20,"de.fumanoids.message.BodyExternal.path": "bodies/footPlate.js"},{"id": 53,"position": {"x11": 4.1482773771583936E-8,"x12": 0.9999999585172259,"x13": -2.880374009834031E-4,"x14": 0.91,"x21": 0.9999999585172259,"x22": 4.1482773771583936E-8,"x23": 2.880374009834031E-4,"x24": 1.335,"x31": 2.880374009834031E-4,"x32": -2.880374009834031E-4,"x33": -0.9999999170344522,"x34": 0.05877,"x41": 0.0,"x42": 0.0,"x43": 0.0,"x44": 1.0},"type": "EXTERNAL","de.fumanoids.message.BodyExternal.path": "bodies/rx64.js"},{"id": 48,"position": {"x11": -3.8898037488095276E-4,"x12": 0.9999999243471311,"x13": 0.0,"x14": -0.915,"x21": -0.9999999243471311,"x22": -3.8898037488095276E-4,"x23": 0.0,"x24": 5.847,"x31": 0.0,"x32": 0.0,"x33": 0.9999999999999999,"x34": 0.03483,"x41": 0.0,"x42": 0.0,"x43": 0.0,"x44": 1.0},"type": "EXTERNAL","de.fumanoids.message.BodyExternal.path": "bodies/rx64.js"},{"id": 54,"position": {"x11": 4.1482773771583936E-8,"x12": 0.9999999585172259,"x13": -2.880374009834031E-4,"x14": -0.929,"x21": 0.9999999585172259,"x22": 4.1482773771583936E-8,"x23": 2.880374009834031E-4,"x24": 1.335,"x31": 2.880374009834031E-4,"x32": -2.880374009834031E-4,"x33": -0.9999999170344522,"x34": 0.06077,"x41": 0.0,"x42": 0.0,"x43": 0.0,"x44": 1.0},"type": "EXTERNAL","de.fumanoids.message.BodyExternal.path": "bodies/rx64.js"},{"id": 66,"position": {"x11": 6.110195772900378E-4,"x12": 0.0,"x13": -0.9999998133275206,"x14": -0.789,"x21": 0.0,"x22": 1.0,"x23": 0.0,"x24": 5.884,"x31": 0.9999998133275206,"x32": 0.0,"x33": 6.110195772900378E-4,"x34": -0.394,"x41": 0.0,"x42": 0.0,"x43": 0.0,"x44": 1.0},"type": "EXTERNAL","parentID": 9,"de.fumanoids.message.BodyExternal.path": "bodies/rx64Assembly.js"},{"id": 69,"position": {"x11": 4.4585995464530015E-6,"x12": -1.3268659745093586E-4,"x13": 0.9999999911871937,"x14": -0.491,"x21": 0.06712917453863415,"x22": -0.9977442840327517,"x23": -1.3268659745093586E-4,"x24": 3.169,"x31": 0.9977442928455578,"x32": 0.06712917453863415,"x33": 4.4585995464530015E-6,"x34": 0.147,"x41": 0.0,"x42": 0.0,"x43": 0.0,"x44": 1.0},"type": "EXTERNAL","parentID": 26,"de.fumanoids.message.BodyExternal.path": "bodies/halfLegFront.js"},{"id": 43,"position": {"x11": 1.2113265783536553E-4,"x12": 1.2111798649139249E-4,"x13": -0.9999999853286564,"x14": -0.994,"x21": -0.9999999853286564,"x22": 1.2113265783536553E-4,"x23": -1.2111798649139249E-4,"x24": 9.184,"x31": 1.2111798649139249E-4,"x32": 0.9999999853286564,"x33": 1.2113265783536553E-4,"x34": 0.271,"x41": 0.0,"x42": 0.0,"x43": 0.0,"x44": 1.0},"type": "EXTERNAL","de.fumanoids.message.BodyExternal.path": "bodies/rx28.js"},{"id": 41,"position": {"x11": -0.7067582865627549,"x12": -0.7074550040622674,"x13": -3.763005929023634E-4,"x14": -2.448,"x21": -0.7074550040622674,"x22": 0.7067583695283024,"x23": -1.5597741026147747E-4,"x24": 8.119,"x31": 3.763005929023634E-4,"x32": 1.5597741026147747E-4,"x33": -0.9999999170344522,"x34": 0.603,"x41": 0.0,"x42": 0.0,"x43": 0.0,"x44": 1.0},"type": "EXTERNAL","de.fumanoids.message.BodyExternal.path": "bodies/rx28.js"},{"id": 63,"position": {"x11": 9.847530516582381E-6,"x12": -2.1261675892025184E-4,"x13": 0.9999999773485698,"x14": 1.351,"x21": 0.09243345769462835,"x22": -0.9957188411859691,"x23": -2.1261675892025184E-4,"x24": 3.171,"x31": 0.9957188638373994,"x32": 0.09243345769462835,"x33": 9.847530516582381E-6,"x34": -0.246,"x41": 0.0,"x42": 0.0,"x43": 0.0,"x44": 1.0},"type": "EXTERNAL","parentID": 16,"de.fumanoids.message.BodyExternal.path": "bodies/halfLegBack.js"},{"id": 47,"position": {"x11": -3.8898037488095276E-4,"x12": 0.9999999243471311,"x13": 0.0,"x14": 0.91,"x21": -0.9999999243471311,"x22": -3.8898037488095276E-4,"x23": 0.0,"x24": 5.847,"x31": 0.0,"x32": 0.0,"x33": 0.9999999999999999,"x34": 0.04479,"x41": 0.0,"x42": 0.0,"x43": 0.0,"x44": 1.0},"type": "EXTERNAL","de.fumanoids.message.BodyExternal.path": "bodies/rx64.js"}],"links": [{"id": 4,"childIDs": [5],"position": {"x1": 1.328,"x2": 9.2343,"x3": 0.27},"axis": {"x3": 1.0},"motorID": 5,"type": "REVOLUTE","name": "Left Shoulder Roll","bodyID": 44,"bodyIsChild": true},{"id": 22,"childIDs": [24],"position": {"x1": 0.8921,"x2": 5.5548,"x3": 0.2548},"axis": {"x1": 1.0},"type": "REVOLUTE","name": "Right Hip Pitch"},{"id": 2,"childIDs": [1],"position": {"x1": 0.0,"x2": 9.3355,"x3": 0.2},"axis": {"x2": 1.0},"motorID": 2,"type": "REVOLUTE","name": "Neck Yaw","bodyID": 34,"bodyIsChild": true},{"id": 14,"position": {"x1": 0.8921,"x2": 3.7605,"x3": -0.2572},"axis": {"x1": 1.0},"type": "REVOLUTE","name": "Left Knee Top Pitch","parallelOponentLinkID": 12},{"id": 7,"childIDs": [8],"position": {"x1": -1.3289,"x2": 9.2351,"x3": 0.27},"axis": {"x3": 1.0},"motorID": 6,"type": "REVOLUTE","name": "Right Shoulder Roll","bodyID": 41,"bodyIsChild": true},{"id": 18,"position": {"x1": 0.8921,"x2": 1.3812,"x3": -0.1},"axis": {"x1": 1.0},"type": "REVOLUTE","name": "Left Foot Pitch"},{"id": 10,"childIDs": [11,12],"position": {"x1": 0.887,"x2": 5.847,"x3": 0.04479},"axis": {"x3": 1.0},"motorID": 11,"type": "REVOLUTE","name": "Left Hip Roll","bodyID": 47,"bodyIsChild": true},{"id": 20,"position": {"x1": 0.8921,"x2": 0.8551,"x3": 0.0694},"axis": {"x2": 1.0},"motorID": 19,"type": "REVOLUTE","name": "Left Foot Yaw","bodyID": 55,"bodyIsChild": true},{"id": 16,"childIDs": [18],"position": {"x1": 0.8921,"x2": 3.1716,"x3": -0.2462},"axis": {"x1": 1.0},"type": "REVOLUTE","name": "Left Knee Bottom Pitch","parallelOponentLinkID": 18},{"id": 17,"childIDs": [19],"position": {"x1": 0.8921,"x2": 1.3805,"x3": 0.2662},"axis": {"x1": 1.0},"type": "REVOLUTE","name": "Left Foot Pitch"},{"id": 5,"position": {"x1": 3.58,"x2": 7.441,"x3": 0.266},"axis": {"x1": 1.0,"x2": 1.0,"x3": 0.0},"motorID": 7,"type": "REVOLUTE","name": "Left Fore Arm Pitch","bodyID": 45},{"id": 27,"childIDs": [29],"position": {"x1": 0.8921,"x2": 3.1716,"x3": -0.2462},"axis": {"x1": 1.0},"type": "REVOLUTE","name": "Right Knee Bottom Pitch","parallelOponentLinkID": 29},{"id": 11,"childIDs": [13],"position": {"x1": 0.8921,"x2": 5.5548,"x3": 0.2548},"axis": {"x1": 1.0},"type": "REVOLUTE","name": "Left Hip Pitch"},{"id": 28,"childIDs": [30],"position": {"x1": 0.8921,"x2": 1.3805,"x3": 0.2662},"axis": {"x1": 1.0},"type": "REVOLUTE","name": "Right Foot Pitch"},{"id": 15,"childIDs": [17],"position": {"x1": 0.8921,"x2": 3.1709,"x3": 0.1446},"axis": {"x1": 1.0},"motorID": 15,"type": "REVOLUTE","name": "Left Knee Bottom Pitch","parallelLinkIDs": [16],"parallelOponentLinkID": 17,"bodyID": 51},{"id": 19,"childIDs": [20],"position": {"x1": 0.8921,"x2": 1.3047,"x3": 0.458},"axis": {"x3": 1.0},"motorID": 17,"type": "REVOLUTE","name": "Left Foot Roll","bodyID": 53},{"id": 25,"position": {"x1": 0.8921,"x2": 3.7605,"x3": -0.2572},"axis": {"x1": 1.0},"type": "REVOLUTE","name": "Right Knee Top Pitch","parallelOponentLinkID": 23},{"id": 13,"childIDs": [15,16],"position": {"x1": 0.8921,"x2": 3.7607,"x3": 0.1421},"axis": {"x1": 1.0},"motorID": 13,"type": "REVOLUTE","name": "Left Knee Top Pitch","parallelLinkIDs": [14],"parallelOponentLinkID": 11,"bodyID": 49,"bodyIsChild": true},{"id": 6,"childIDs": [7],"position": {"x1": -0.994,"x2": 9.184,"x3": 0.27},"axis": {"x1": 1.0},"motorID": 4,"type": "REVOLUTE","name": "Right Shoulder Pitch","bodyID": 43,"bodyIsChild": true},{"id": 30,"childIDs": [31],"position": {"x1": 0.9399,"x2": -4.06E-4,"x3": -1.9296},"axis": {"x3": 1.0},"motorID": 18,"type": "REVOLUTE","name": "Right Foot Roll","bodyID": 54},{"id": 1,"position": {"x1": 0.0,"x2": 9.9192,"x3": 0.2},"axis": {"x1": 1.0},"motorID": 1,"type": "REVOLUTE","name": "Neck Pitch","bodyID": 33,"bodyIsChild": false},{"id": 23,"childIDs": [25],"position": {"x1": 0.8921,"x2": 5.5541,"x3": -0.1397},"axis": {"x1": 1.0},"type": "REVOLUTE","name": "Right Hip Pitch"},{"id": 31,"position": {"x1": 0.9379,"x2": -0.01879,"x3": -2.6976},"axis": {"x2": 1.0},"motorID": 20,"type": "REVOLUTE","name": "Right Foot Yaw","bodyID": 56,"bodyIsChild": true},{"id": 26,"childIDs": [28],"position": {"x1": 0.8921,"x2": 3.1709,"x3": 0.1446},"axis": {"x1": 1.0},"motorID": 16,"type": "REVOLUTE","name": "Right Knee Bottom Pitch","parallelLinkIDs": [27],"parallelOponentLinkID": 28,"bodyID": 52},{"id": 8,"position": {"x1": -3.59,"x2": 7.447,"x3": 0.27},"axis": {"x1": -1.0,"x2": 1.0,"x3": 0.0},"motorID": 8,"type": "REVOLUTE","name": "Right Fore Arm Pitch","bodyID": 42},{"id": 3,"childIDs": [4],"position": {"x1": 0.9948,"x2": 9.184,"x3": 0.27},"axis": {"x1": 1.0},"motorID": 3,"type": "REVOLUTE","name": "Left Shoulder Pitch","bodyID": 46,"bodyIsChild": true},{"id": 24,"childIDs": [26,27],"position": {"x1": 0.8921,"x2": 3.7607,"x3": 0.1421},"axis": {"x1": 1.0},"motorID": 14,"type": "REVOLUTE","name": "Right Knee Top Pitch","parallelLinkIDs": [25],"parallelOponentLinkID": 22,"bodyID": 50,"bodyIsChild": true},{"id": 9,"childIDs": [10,21],"position": {"x1": 0.0,"x2": 5.907,"x3": 0.04349},"axis": {"x1": 1.0},"motorID": 9,"type": "REVOLUTE","name": "Torso Pitch","bodyID": 32},{"id": 21,"childIDs": [22,23],"position": {"x1": 0.9264,"x2": -0.02718,"x3": 2.6457},"axis": {"x3": 1.0},"motorID": 12,"type": "REVOLUTE","name": "Right Hip Roll","bodyID": 48,"bodyIsChild": true},{"id": 29,"position": {"x1": 0.8921,"x2": 1.3812,"x3": -0.1},"axis": {"x1": 1.0},"type": "REVOLUTE","name": "Right Foot Pitch"},{"id": 12,"childIDs": [14],"position": {"x1": 0.8921,"x2": 5.5541,"x3": -0.1397},"axis": {"x1": 1.0},"type": "REVOLUTE","name": "Left Hip Pitch"}],"sensors": [{"id": 5,"type": "MOTOR","de.fumanoids.message.Motor.type": "RX-28","de.fumanoids.message.Motor.workingAngle": {"min": 0.0,"max": 300.0},"de.fumanoids.message.Motor.valueRegion": {"min": 0.0,"max": 1023.0},"de.fumanoids.message.Motor.modelInit": 358,"de.fumanoids.message.Motor.motorIdle": 358,"de.fumanoids.message.Motor.ccwRotation": false},{"id": 7,"type": "MOTOR","de.fumanoids.message.Motor.type": "RX-28","de.fumanoids.message.Motor.workingAngle": {"min": 0.0,"max": 300.0},"de.fumanoids.message.Motor.valueRegion": {"min": 0.0,"max": 1023.0},"de.fumanoids.message.Motor.modelInit": 512,"de.fumanoids.message.Motor.motorIdle": 512,"de.fumanoids.message.Motor.ccwRotation": false},{"id": 17,"type": "MOTOR","de.fumanoids.message.Motor.type": "RX-64","de.fumanoids.message.Motor.workingAngle": {"min": 0.0,"max": 300.0},"de.fumanoids.message.Motor.valueRegion": {"min": 0.0,"max": 1023.0},"de.fumanoids.message.Motor.modelInit": 512,"de.fumanoids.message.Motor.motorIdle": 512,"de.fumanoids.message.Motor.ccwRotation": true},{"id": 16,"type": "MOTOR","de.fumanoids.message.Motor.type": "RX-64","de.fumanoids.message.Motor.workingAngle": {"min": 0.0,"max": 300.0},"de.fumanoids.message.Motor.valueRegion": {"min": 0.0,"max": 1023.0},"de.fumanoids.message.Motor.modelInit": 512,"de.fumanoids.message.Motor.motorIdle": 512,"de.fumanoids.message.Motor.ccwRotation": true},{"id": 4,"type": "MOTOR","de.fumanoids.message.Motor.type": "RX-28","de.fumanoids.message.Motor.workingAngle": {"min": 0.0,"max": 300.0},"de.fumanoids.message.Motor.valueRegion": {"min": 0.0,"max": 1023.0},"de.fumanoids.message.Motor.modelInit": 512,"de.fumanoids.message.Motor.motorIdle": 512,"de.fumanoids.message.Motor.ccwRotation": true},{"id": 20,"type": "MOTOR","de.fumanoids.message.Motor.type": "RX-28","de.fumanoids.message.Motor.workingAngle": {"min": 0.0,"max": 300.0},"de.fumanoids.message.Motor.valueRegion": {"min": 0.0,"max": 1023.0},"de.fumanoids.message.Motor.modelInit": 512,"de.fumanoids.message.Motor.motorIdle": 512,"de.fumanoids.message.Motor.ccwRotation": false},{"id": 13,"type": "MOTOR","de.fumanoids.message.Motor.type": "RX-64","de.fumanoids.message.Motor.workingAngle": {"min": 0.0,"max": 300.0},"de.fumanoids.message.Motor.valueRegion": {"min": 0.0,"max": 1023.0},"de.fumanoids.message.Motor.modelInit": 512,"de.fumanoids.message.Motor.motorIdle": 512,"de.fumanoids.message.Motor.ccwRotation": true},{"id": 3,"type": "MOTOR","de.fumanoids.message.Motor.type": "RX-28","de.fumanoids.message.Motor.workingAngle": {"min": 0.0,"max": 300.0},"de.fumanoids.message.Motor.valueRegion": {"min": 0.0,"max": 1023.0},"de.fumanoids.message.Motor.modelInit": 512,"de.fumanoids.message.Motor.motorIdle": 512,"de.fumanoids.message.Motor.ccwRotation": false},{"id": 19,"type": "MOTOR","de.fumanoids.message.Motor.type": "RX-28","de.fumanoids.message.Motor.workingAngle": {"min": 0.0,"max": 300.0},"de.fumanoids.message.Motor.valueRegion": {"min": 0.0,"max": 1023.0},"de.fumanoids.message.Motor.modelInit": 512,"de.fumanoids.message.Motor.motorIdle": 512,"de.fumanoids.message.Motor.ccwRotation": false},{"id": 15,"type": "MOTOR","de.fumanoids.message.Motor.type": "RX-64","de.fumanoids.message.Motor.workingAngle": {"min": 0.0,"max": 300.0},"de.fumanoids.message.Motor.valueRegion": {"min": 0.0,"max": 1023.0},"de.fumanoids.message.Motor.modelInit": 512,"de.fumanoids.message.Motor.motorIdle": 512,"de.fumanoids.message.Motor.ccwRotation": false},{"id": 14,"type": "MOTOR","de.fumanoids.message.Motor.type": "RX-64","de.fumanoids.message.Motor.workingAngle": {"min": 0.0,"max": 300.0},"de.fumanoids.message.Motor.valueRegion": {"min": 0.0,"max": 1023.0},"de.fumanoids.message.Motor.modelInit": 512,"de.fumanoids.message.Motor.motorIdle": 512,"de.fumanoids.message.Motor.ccwRotation": false},{"id": 11,"type": "MOTOR","de.fumanoids.message.Motor.type": "RX-64","de.fumanoids.message.Motor.workingAngle": {"min": 0.0,"max": 300.0},"de.fumanoids.message.Motor.valueRegion": {"min": 0.0,"max": 1023.0},"de.fumanoids.message.Motor.modelInit": 512,"de.fumanoids.message.Motor.motorIdle": 512,"de.fumanoids.message.Motor.ccwRotation": false},{"id": 6,"type": "MOTOR","de.fumanoids.message.Motor.type": "RX-28","de.fumanoids.message.Motor.workingAngle": {"min": 0.0,"max": 300.0},"de.fumanoids.message.Motor.valueRegion": {"min": 0.0,"max": 1023.0},"de.fumanoids.message.Motor.modelInit": 665,"de.fumanoids.message.Motor.motorIdle": 665,"de.fumanoids.message.Motor.ccwRotation": false},{"id": 2,"type": "MOTOR","de.fumanoids.message.Motor.type": "RX-28","de.fumanoids.message.Motor.workingAngle": {"min": 0.0,"max": 300.0},"de.fumanoids.message.Motor.valueRegion": {"min": 0.0,"max": 1023.0},"de.fumanoids.message.Motor.modelInit": 512,"de.fumanoids.message.Motor.motorIdle": 512,"de.fumanoids.message.Motor.ccwRotation": true},{"id": 8,"type": "MOTOR","de.fumanoids.message.Motor.type": "RX-28","de.fumanoids.message.Motor.workingAngle": {"min": 0.0,"max": 300.0},"de.fumanoids.message.Motor.valueRegion": {"min": 0.0,"max": 1023.0},"de.fumanoids.message.Motor.modelInit": 512,"de.fumanoids.message.Motor.motorIdle": 512,"de.fumanoids.message.Motor.ccwRotation": false},{"id": 12,"type": "MOTOR","de.fumanoids.message.Motor.type": "RX-64","de.fumanoids.message.Motor.workingAngle": {"min": 0.0,"max": 300.0},"de.fumanoids.message.Motor.valueRegion": {"min": 0.0,"max": 1023.0},"de.fumanoids.message.Motor.modelInit": 512,"de.fumanoids.message.Motor.motorIdle": 512,"de.fumanoids.message.Motor.ccwRotation": false},{"id": 18,"type": "MOTOR","de.fumanoids.message.Motor.type": "RX-64","de.fumanoids.message.Motor.workingAngle": {"min": 0.0,"max": 300.0},"de.fumanoids.message.Motor.valueRegion": {"min": 0.0,"max": 1023.0},"de.fumanoids.message.Motor.modelInit": 512,"de.fumanoids.message.Motor.motorIdle": 512,"de.fumanoids.message.Motor.ccwRotation": true},{"id": 1,"type": "MOTOR","de.fumanoids.message.Motor.type": "RX-28","de.fumanoids.message.Motor.workingAngle": {"min": 0.0,"max": 300.0},"de.fumanoids.message.Motor.valueRegion": {"min": 0.0,"max": 1023.0},"de.fumanoids.message.Motor.modelInit": 512,"de.fumanoids.message.Motor.motorIdle": 512,"de.fumanoids.message.Motor.ccwRotation": false},{"id": 9,"type": "MOTOR","de.fumanoids.message.Motor.type": "RX-64","de.fumanoids.message.Motor.workingAngle": {"min": 0.0,"max": 300.0},"de.fumanoids.message.Motor.valueRegion": {"min": 0.0,"max": 1023.0},"de.fumanoids.message.Motor.modelInit": 512,"de.fumanoids.message.Motor.motorIdle": 512,"de.fumanoids.message.Motor.ccwRotation": true}],"timestamp": "Jan 8, 2013"}