{"name": "Robot2012","bodies": [{"id": 52,"position": {"x11": 2.2813848478397958E-4,"x12": 2.280864494840218E-4,"x13": -0.9999999479647005,"x14": 0.934,"x21": -0.9999999479647005,"x22": 2.2813848478397958E-4,"x23": -2.280864494840218E-4,"x24": 0.05624,"x31": 2.280864494840218E-4,"x32": 0.9999999479647005,"x33": 2.2813848478397958E-4,"x34": -0.0564,"x41": 0.0,"x42": 0.0,"x43": 0.0,"x44": 1.0},"type": "EXTERNAL","de.fumanoids.message.BodyExternal.path": "bodies/rx64.js"},{"id": 39,"position": {"x11": -0.7069692424798688,"x12": 0.0,"x13": 0.7072442931458977,"x14": -3.384,"x21": 0.0,"x22": 1.0,"x23": 0.0,"x24": 0.418,"x31": -0.7072442931458977,"x32": 0.0,"x33": -0.7069692424798688,"x34": 3.791,"x41": 0.0,"x42": 0.0,"x43": 0.0,"x44": 1.0},"type": "EXTERNAL","parentID": 5,"de.fumanoids.message.BodyExternal.path": "bodies/forearm.js"},{"id": 34,"position": {"x11": -3.8898037488095276E-4,"x12": 0.9999999243471311,"x13": 0.0,"x14": -0.01432,"x21": -0.9999999243471311,"x22": -3.8898037488095276E-4,"x23": 0.0,"x24": 0.115,"x31": 0.0,"x32": 0.0,"x33": 0.9999999999999999,"x34": 5.786,"x41": 0.0,"x42": 0.0,"x43": 0.0,"x44": 1.0},"type": "EXTERNAL","de.fumanoids.message.BodyExternal.path": "bodies/rx28.js"},{"id": 70,"position": {"x11": 4.3607979819615394E-5,"x12": -3.976490578733172E-5,"x13": -0.9999999982585481,"x14": 0.498,"x21": 0.9957595091393627,"x22": 0.09199455623724528,"x23": 3.976490578733172E-5,"x24": -0.33,"x31": 0.09199455449579336,"x32": -0.9957595091393627,"x33": 4.3607979819615394E-5,"x34": -0.05945,"x41": 0.0,"x42": 0.0,"x43": 0.0,"x44": 1.0},"type": "EXTERNAL","parentID": 27,"de.fumanoids.message.BodyExternal.path": "bodies/halfLegBack.js"},{"id": 67,"position": {"x11": 1.1696870702843087E-4,"x12": -1.0957326703314729E-4,"x13": 0.9999999871560101,"x14": 1.372,"x21": 0.997870883623653,"x22": 0.06522030059612327,"x23": -1.0957326703314729E-4,"x24": 0.0608,"x31": -0.06522028775213379,"x32": 0.997870883623653,"x33": 1.1696870702843087E-4,"x34": 0.53,"x41": 0.0,"x42": 0.0,"x43": 0.0,"x44": 1.0},"type": "EXTERNAL","parentID": 22,"de.fumanoids.message.BodyExternal.path": "bodies/halfLegFront.js"},{"id": 55,"position": {"x11": 4.1482773771583936E-8,"x12": 0.9999999585172259,"x13": -2.880374009834031E-4,"x14": -0.902,"x21": 0.9999999585172259,"x22": 4.1482773771583936E-8,"x23": 2.880374009834031E-4,"x24": -0.01475,"x31": 2.880374009834031E-4,"x32": -2.880374009834031E-4,"x33": -0.9999999170344522,"x34": -2.376,"x41": 0.0,"x42": 0.0,"x43": 0.0,"x44": 1.0},"type": "EXTERNAL","de.fumanoids.message.BodyExternal.path": "bodies/rx28.js"},{"id": 37,"position": {"x11": -0.7075565018011359,"x12": 0.7066567743490912,"x13": -5.04745668100659E-6,"x14": -1.337,"x21": 5.04745668100659E-6,"x22": -2.0888441775168687E-6,"x23": -0.9999999999850803,"x24": -0.121,"x31": -0.7066567743490912,"x32": -0.7075565018160562,"x33": -2.0888441775168687E-6,"x34": 6.005,"x41": 0.0,"x42": 0.0,"x43": 0.0,"x44": 1.0},"type": "EXTERNAL","parentID": 4,"de.fumanoids.message.BodyExternal.path": "bodies/upperarm.js"},{"id": 69,"position": {"x11": -4.049592306423211E-4,"x12": 3.7761316252316046E-4,"x13": -0.999999846708149,"x14": 0.501,"x21": 0.9975607609474925,"x22": 0.06980247578818127,"x23": -3.7761316252316046E-4,"x24": 0.05757,"x31": 0.06980232249632984,"x32": -0.9975607609474925,"x33": -4.049592306423211E-4,"x34": -0.06216,"x41": 0.0,"x42": 0.0,"x43": 0.0,"x44": 1.0},"type": "EXTERNAL","parentID": 26,"de.fumanoids.message.BodyExternal.path": "bodies/halfLegFront.js"},{"id": 56,"position": {"x11": -2.0367320369517786E-4,"x12": -0.9999999792586128,"x13": 0.0,"x14": 0.936,"x21": 0.9999999792586128,"x22": -2.0367320369517786E-4,"x23": 0.0,"x24": -0.01475,"x31": 0.0,"x32": 0.0,"x33": 1.0,"x34": -3.037,"x41": 0.0,"x42": 0.0,"x43": 0.0,"x44": 1.0},"type": "EXTERNAL","de.fumanoids.message.BodyExternal.path": "bodies/rx28.js"},{"id": 45,"position": {"x11": 0.7067583695283024,"x12": -1.5597741026147747E-4,"x13": 0.7074550040622674,"x14": -3.589,"x21": 1.5597741026147747E-4,"x22": -0.9999999170344522,"x23": -3.763005929023634E-4,"x24": 0.183,"x31": 0.7074550040622674,"x32": 3.763005929023634E-4,"x33": -0.7067582865627549,"x34": 4.21,"x41": 0.0,"x42": 0.0,"x43": 0.0,"x44": 1.0},"type": "EXTERNAL","de.fumanoids.message.BodyExternal.path": "bodies/rx28.js"},{"id": 60,"position": {"x11": 4.153746143459314E-5,"x12": -3.911291020342045E-5,"x13": 0.9999999983724099,"x14": -0.461,"x21": 0.9981941242851491,"x22": 0.060070697621926405,"x23": -3.911291020342045E-5,"x24": 0.06086,"x31": -0.06007069599433623,"x32": 0.9981941242851491,"x33": 4.153746143459314E-5,"x34": 0.53,"x41": 0.0,"x42": 0.0,"x43": 0.0,"x44": 1.0},"type": "EXTERNAL","parentID": 11,"de.fumanoids.message.BodyExternal.path": "bodies/halfLegFront.js"},{"id": 51,"position": {"x11": 2.2813848478397958E-4,"x12": 2.280864494840218E-4,"x13": -0.9999999479647005,"x14": -0.905,"x21": -0.9999999479647005,"x22": 2.2813848478397958E-4,"x23": -2.280864494840218E-4,"x24": 0.05624,"x31": 2.280864494840218E-4,"x32": 0.9999999479647005,"x33": 2.2813848478397958E-4,"x34": -0.0564,"x41": 0.0,"x42": 0.0,"x43": 0.0,"x44": 1.0},"type": "EXTERNAL","de.fumanoids.message.BodyExternal.path": "bodies/rx64.js"},{"id": 38,"position": {"x11": 0.7076180781148116,"x12": 0.706595086171401,"x13": -1.993076294891094E-4,"x14": 1.32,"x21": 1.993076294891094E-4,"x22": -4.8166381397796165E-4,"x23": -0.9999998641382104,"x24": -0.121,"x31": -0.706595086171401,"x32": 0.707617942253022,"x33": -4.8166381397796165E-4,"x34": 6.005,"x41": 0.0,"x42": 0.0,"x43": 0.0,"x44": 1.0},"type": "EXTERNAL","parentID": 7,"de.fumanoids.message.BodyExternal.path": "bodies/upperarm.js"},{"id": 43,"position": {"x11": -2.0367320369517786E-4,"x12": 0.0,"x13": 0.9999999792586128,"x14": 0.985,"x21": 0.0,"x22": 1.0,"x23": 0.0,"x24": 0.189,"x31": -0.9999999792586128,"x32": 0.0,"x33": -2.0367320369517786E-4,"x34": 5.953,"x41": 0.0,"x42": 0.0,"x43": 0.0,"x44": 1.0},"type": "EXTERNAL","de.fumanoids.message.BodyExternal.path": "bodies/rx28.js"},{"id": 63,"position": {"x11": 4.3607979819615394E-5,"x12": -3.976490578733172E-5,"x13": -0.9999999982585481,"x14": -1.337,"x21": 0.9957595091393627,"x22": 0.09199455623724528,"x23": 3.976490578733172E-5,"x24": -0.33,"x31": 0.09199455449579336,"x32": -0.9957595091393627,"x33": 4.3607979819615394E-5,"x34": -0.0596,"x41": 0.0,"x42": 0.0,"x43": 0.0,"x44": 1.0},"type": "EXTERNAL","parentID": 16,"de.fumanoids.message.BodyExternal.path": "bodies/halfLegBack.js"},{"id": 72,"position": {"x11": 1.0,"x12": 0.0,"x13": 0.0,"x14": 0.944,"x21": 0.0,"x22": 1.0,"x23": 0.0,"x24": 0.0944,"x31": 0.0,"x32": 0.0,"x33": 1.0,"x34": -3.06,"x41": 0.0,"x42": 0.0,"x43": 0.0,"x44": 1.0},"type": "EXTERNAL","parentID": 31,"de.fumanoids.message.BodyExternal.path": "bodies/footPlate.js"},{"id": 71,"position": {"x11": -2.0367320369517786E-4,"x12": 0.9999999792586128,"x13": 0.0,"x14": 0.945,"x21": -0.9999999792586128,"x22": -2.0367320369517786E-4,"x23": -0.0,"x24": 0.417,"x31": -0.0,"x32": 0.0,"x33": 1.0,"x34": -1.975,"x41": 0.0,"x42": 0.0,"x43": 0.0,"x44": 1.0},"type": "EXTERNAL","parentID": 30,"de.fumanoids.message.BodyExternal.path": "bodies/rx64Assembly.js"},{"id": 44,"position": {"x11": -0.7075565018011359,"x12": 0.7066567743490912,"x13": -5.04745668100659E-6,"x14": -2.449,"x21": 5.04745668100659E-6,"x22": -2.0888441775168687E-6,"x23": -0.9999999999850803,"x24": 0.521,"x31": -0.7066567743490912,"x32": -0.7075565018160562,"x33": -2.0888441775168687E-6,"x34": 4.896,"x41": 0.0,"x42": 0.0,"x43": 0.0,"x44": 1.0},"type": "EXTERNAL","de.fumanoids.message.BodyExternal.path": "bodies/rx28.js"},{"id": 49,"position": {"x11": 2.2813848478397958E-4,"x12": 2.280864494840218E-4,"x13": -0.9999999479647005,"x14": -0.902,"x21": -0.9999999479647005,"x22": 2.2813848478397958E-4,"x23": -2.280864494840218E-4,"x24": 0.05624,"x31": 2.280864494840218E-4,"x32": 0.9999999479647005,"x33": 2.2813848478397958E-4,"x34": 0.527,"x41": 0.0,"x42": 0.0,"x43": 0.0,"x44": 1.0},"type": "EXTERNAL","de.fumanoids.message.BodyExternal.path": "bodies/rx64.js"},{"id": 68,"position": {"x11": 2.887948066178092E-4,"x12": -2.6775428989900263E-4,"x13": 0.9999999224525968,"x14": 1.373,"x21": 0.9971455565242506,"x22": 0.07550276426451169,"x23": -2.6775428989900263E-4,"x24": -0.343,"x31": -0.07550268671710886,"x32": 0.9971455565242506,"x33": 2.887948066178092E-4,"x34": 0.529,"x41": 0.0,"x42": 0.0,"x43": 0.0,"x44": 1.0},"type": "EXTERNAL","parentID": 23,"de.fumanoids.message.BodyExternal.path": "bodies/halfLegBack.js"},{"id": 46,"position": {"x11": 4.1482773771583936E-8,"x12": 2.880374009834031E-4,"x13": -0.9999999585172259,"x14": -1.0,"x21": -2.880374009834031E-4,"x22": -0.9999999170344522,"x23": -2.880374009834031E-4,"x24": 0.195,"x31": -0.9999999585172259,"x32": 2.880374009834031E-4,"x33": 4.1482773771583936E-8,"x34": 5.953,"x41": 0.0,"x42": 0.0,"x43": 0.0,"x44": 1.0},"type": "EXTERNAL","de.fumanoids.message.BodyExternal.path": "bodies/rx28.js"},{"id": 64,"position": {"x11": -2.0367320369517786E-4,"x12": 0.9999999792586128,"x13": 0.0,"x14": -0.903,"x21": -0.9999999792586128,"x22": -2.0367320369517786E-4,"x23": -0.0,"x24": 0.421,"x31": -0.0,"x32": 0.0,"x33": 1.0,"x34": -1.975,"x41": 0.0,"x42": 0.0,"x43": 0.0,"x44": 1.0},"type": "EXTERNAL","parentID": 19,"de.fumanoids.message.BodyExternal.path": "bodies/rx64Assembly.js"},{"id": 42,"position": {"x11": -0.7133057231272953,"x12": -0.0,"x13": -0.7008530126594636,"x14": 3.581,"x21": 0.0,"x22": 1.0,"x23": -0.0,"x24": 0.178,"x31": 0.7008530126594636,"x32": 0.0,"x33": -0.7133057231272953,"x34": 4.216,"x41": 0.0,"x42": 0.0,"x43": 0.0,"x44": 1.0},"type": "EXTERNAL","de.fumanoids.message.BodyExternal.path": "bodies/rx28.js"},{"id": 41,"position": {"x11": 0.7076180781148116,"x12": 0.706595086171401,"x13": -1.993076294891094E-4,"x14": 2.439,"x21": 1.993076294891094E-4,"x22": -4.8166381397796165E-4,"x23": -0.9999998641382104,"x24": 0.517,"x31": -0.706595086171401,"x32": 0.707617942253022,"x33": -4.8166381397796165E-4,"x34": 4.887,"x41": 0.0,"x42": 0.0,"x43": 0.0,"x44": 1.0},"type": "EXTERNAL","de.fumanoids.message.BodyExternal.path": "bodies/rx28.js"},{"id": 66,"position": {"x11": 2.2813848478397958E-4,"x12": -2.280864494840218E-4,"x13": 0.9999999479647005,"x14": 0.802,"x21": 0.9999999479647005,"x22": 2.2813848478397958E-4,"x23": -2.280864494840218E-4,"x24": -0.479,"x31": -2.280864494840218E-4,"x32": 0.9999999479647005,"x33": 2.2813848478397958E-4,"x34": 2.653,"x41": 0.0,"x42": 0.0,"x43": 0.0,"x44": 1.0},"type": "EXTERNAL","parentID": 9,"de.fumanoids.message.BodyExternal.path": "bodies/rx64Assembly.js"},{"id": 48,"position": {"x11": 2.2813848478397958E-4,"x12": -0.9999999479647005,"x13": 2.280864494840218E-4,"x14": 0.928,"x21": 2.280864494840218E-4,"x22": 2.2813848478397958E-4,"x23": 0.9999999479647005,"x24": -0.05034,"x31": -0.9999999479647005,"x32": -2.280864494840218E-4,"x33": 2.2813848478397958E-4,"x34": 2.616,"x41": 0.0,"x42": 0.0,"x43": 0.0,"x44": 1.0},"type": "EXTERNAL","de.fumanoids.message.BodyExternal.path": "bodies/rx64.js"},{"id": 50,"position": {"x11": 2.2813848478397958E-4,"x12": 2.280864494840218E-4,"x13": -0.9999999479647005,"x14": 0.934,"x21": -0.9999999479647005,"x22": 2.2813848478397958E-4,"x23": -2.280864494840218E-4,"x24": 0.05624,"x31": 2.280864494840218E-4,"x32": 0.9999999479647005,"x33": 2.2813848478397958E-4,"x34": 0.527,"x41": 0.0,"x42": 0.0,"x43": 0.0,"x44": 1.0},"type": "EXTERNAL","de.fumanoids.message.BodyExternal.path": "bodies/rx64.js"},{"id": 32,"position": {"x11": -2.0367320369517786E-4,"x12": -0.0,"x13": -0.9999999792586128,"x14": 0.0,"x21": 0.0,"x22": 1.0,"x23": -0.0,"x24": -0.04119,"x31": 0.9999999792586128,"x32": 0.0,"x33": -2.0367320369517786E-4,"x34": 2.676,"x41": 0.0,"x42": 0.0,"x43": 0.0,"x44": 1.0},"type": "EXTERNAL","de.fumanoids.message.BodyExternal.path": "bodies/rx64.js"},{"id": 54,"position": {"x11": 2.2813848478397958E-4,"x12": -0.9999999479647005,"x13": -2.280864494840218E-4,"x14": 0.942,"x21": 2.280864494840218E-4,"x22": 2.2813848478397958E-4,"x23": -0.9999999479647005,"x24": -0.02455,"x31": 0.9999999479647005,"x32": 2.280864494840218E-4,"x33": 2.2813848478397958E-4,"x34": -1.897,"x41": 0.0,"x42": 0.0,"x43": 0.0,"x44": 1.0},"type": "EXTERNAL","de.fumanoids.message.BodyExternal.path": "bodies/rx64.js"},{"id": 61,"position": {"x11": -2.7183596044055847E-4,"x12": 2.5174692422591516E-4,"x13": 0.999999931364346,"x14": -0.461,"x21": 0.9970600259231625,"x22": 0.07662402579862865,"x23": 2.5174692422591516E-4,"x24": -0.339,"x31": -0.07662395716297477,"x32": 0.9970600259231625,"x33": -2.7183596044055847E-4,"x34": 0.53,"x41": 0.0,"x42": 0.0,"x43": 0.0,"x44": 1.0},"type": "EXTERNAL","parentID": 12,"de.fumanoids.message.BodyExternal.path": "bodies/halfLegBack.js"},{"id": 33,"position": {"x11": 1.2113265783536553E-4,"x12": 1.2111798649139249E-4,"x13": -0.9999999853286564,"x14": 0.319,"x21": -0.9999999853286564,"x22": 1.2113265783536553E-4,"x23": -1.2111798649139249E-4,"x24": 0.115,"x31": 1.2111798649139249E-4,"x32": 0.9999999853286564,"x33": 1.2113265783536553E-4,"x34": 6.688,"x41": 0.0,"x42": 0.0,"x43": 0.0,"x44": 1.0},"type": "EXTERNAL","de.fumanoids.message.BodyExternal.path": "bodies/rx28.js"},{"id": 40,"position": {"x11": 0.7073882691671998,"x12": 0.0,"x13": 0.706825181105366,"x14": 3.024,"x21": 0.0,"x22": 1.0,"x23": 0.0,"x24": 0.412,"x31": -0.706825181105366,"x32": 0.0,"x33": 0.7073882691671998,"x34": 3.421,"x41": 0.0,"x42": 0.0,"x43": 0.0,"x44": 1.0},"type": "EXTERNAL","parentID": 8,"de.fumanoids.message.BodyExternal.path": "bodies/forearm.js"},{"id": 47,"position": {"x11": 2.2813848478397958E-4,"x12": -0.9999999479647005,"x13": 2.280864494840218E-4,"x14": -0.896,"x21": 2.280864494840218E-4,"x22": 2.2813848478397958E-4,"x23": 0.9999999479647005,"x24": -0.03942,"x31": -0.9999999479647005,"x32": -2.280864494840218E-4,"x33": 2.2813848478397958E-4,"x34": 2.616,"x41": 0.0,"x42": 0.0,"x43": 0.0,"x44": 1.0},"type": "EXTERNAL","de.fumanoids.message.BodyExternal.path": "bodies/rx64.js"},{"id": 65,"position": {"x11": 1.0,"x12": 0.0,"x13": 0.0,"x14": -0.908,"x21": 0.0,"x22": 1.0,"x23": 0.0,"x24": 0.08672,"x31": 0.0,"x32": 0.0,"x33": 1.0,"x34": -3.06,"x41": 0.0,"x42": 0.0,"x43": 0.0,"x44": 1.0},"type": "EXTERNAL","parentID": 20,"de.fumanoids.message.BodyExternal.path": "bodies/footPlate.js"},{"id": 62,"position": {"x11": 1.566353545662813E-4,"x12": -1.4648320106441792E-4,"x13": -0.9999999770040184,"x14": -1.334,"x21": 0.9977590269523786,"x22": 0.06690966057091025,"x23": 1.4648320106441792E-4,"x24": 0.0626,"x31": 0.06690963757492874,"x32": -0.9977590269523786,"x33": 1.566353545662813E-4,"x34": -0.06233,"x41": 0.0,"x42": 0.0,"x43": 0.0,"x44": 1.0},"type": "EXTERNAL","parentID": 15,"de.fumanoids.message.BodyExternal.path": "bodies/halfLegFront.js"},{"id": 53,"position": {"x11": 2.2813848478397958E-4,"x12": -0.9999999479647005,"x13": -2.280864494840218E-4,"x14": -0.896,"x21": 2.280864494840218E-4,"x22": 2.2813848478397958E-4,"x23": -0.9999999479647005,"x24": -0.02557,"x31": 0.9999999479647005,"x32": 2.280864494840218E-4,"x33": 2.2813848478397958E-4,"x34": -1.897,"x41": 0.0,"x42": 0.0,"x43": 0.0,"x44": 1.0},"type": "EXTERNAL","de.fumanoids.message.BodyExternal.path": "bodies/rx64.js"},{"id": 58,"position": {"x11": 1.0,"x12": 0.0,"x13": 0.0,"x14": 0.0,"x21": 0.0,"x22": 1.0,"x23": 0.0,"x24": -0.6,"x31": 0.0,"x32": 0.0,"x33": 1.0,"x34": 4.624,"x41": 0.0,"x42": 0.0,"x43": 0.0,"x44": 1.0},"type": "EXTERNAL","de.fumanoids.message.BodyExternal.path": "bodies/torso.js"},{"id": 59,"position": {"x11": 2.2813848478397958E-4,"x12": 2.280864494840218E-4,"x13": -0.9999999479647005,"x14": -0.794,"x21": -0.9999999479647005,"x22": 2.2813848478397958E-4,"x23": -2.280864494840218E-4,"x24": 0.392,"x31": 2.280864494840218E-4,"x32": 0.9999999479647005,"x33": 2.2813848478397958E-4,"x34": 2.662,"x41": 0.0,"x42": 0.0,"x43": 0.0,"x44": 1.0},"type": "EXTERNAL","parentID": 9,"de.fumanoids.message.BodyExternal.path": "bodies/rx64Assembly.js"},{"id": 57,"position": {"x11": 1.0,"x12": 0.0,"x13": 0.0,"x14": -0.376,"x21": 0.0,"x22": -0.0032036677249445192,"x23": -0.9999948682433866,"x24": 0.239,"x31": 0.0,"x32": 0.9999948682433866,"x33": -0.0032036677249445192,"x34": 6.692,"x41": 0.0,"x42": 0.0,"x43": 0.0,"x44": 1.0},"type": "EXTERNAL","parentID": 1,"de.fumanoids.message.BodyExternal.path": "bodies/camera.js"}],"links": [{"id": 31,"position": {"x1": 0.9379,"x2": -0.01879,"x3": -2.6976},"axis": {"x3": 1.0},"motorID": 20,"type": "REVOLUTE","name": "Right Foot Yaw","bodyID": 56,"bodyIsChild": true},{"id": 5,"position": {"x1": -3.3529,"x2": 0.187,"x3": 3.9593},"axis": {"x1": -1.0,"x2": 0.0,"x3": 1.0},"motorID": 7,"type": "REVOLUTE","name": "Left Fore Arm Pitch","bodyID": 45},{"id": 4,"childIDs": [5],"position": {"x1": -1.335,"x2": 0.1949,"x3": 6.0},"axis": {"x2": 1.0},"motorID": 5,"type": "REVOLUTE","name": "Left Shoulder Roll","bodyID": 44,"bodyIsChild": true},{"id": 23,"childIDs": [25],"position": {"x1": -0.8944,"x2": -0.2264,"x3": 2.3177},"axis": {"x1": 1.0},"type": "REVOLUTE","name": "Right Hip Pitch"},{"id": 9,"childIDs": [10,21],"position": {"x1": 0.0,"x2": -0.0391,"x3": 2.6454},"axis": {"x1": 1.0},"motorID": 9,"type": "REVOLUTE","name": "Torso Pitch","bodyID": 32},{"id": 10,"childIDs": [11,12],"position": {"x1": -0.9001,"x2": -0.0391,"x3": 2.6502},"axis": {"x2": 1.0},"motorID": 11,"type": "REVOLUTE","name": "Left Hip Roll","bodyID": 47,"bodyIsChild": true},{"id": 7,"childIDs": [8],"position": {"x1": 1.3176,"x2": 0.1845,"x3": 6.0},"axis": {"x2": 1.0},"motorID": 6,"type": "REVOLUTE","name": "Right Shoulder Roll","bodyID": 41,"bodyIsChild": true},{"id": 22,"childIDs": [24],"position": {"x1": -0.8944,"x2": 0.1678,"x3": 2.3089},"axis": {"x1": 1.0},"type": "REVOLUTE","name": "Right Hip Pitch"},{"id": 24,"childIDs": [26,27],"position": {"x1": -0.8944,"x2": 0.0585,"x3": 0.5289},"axis": {"x1": 1.0},"motorID": 14,"type": "REVOLUTE","name": "Right Knee Top Pitch","parallelLinkIDs": [25],"parallelOponentLinkID": 22,"bodyID": 50,"bodyIsChild": true},{"id": 17,"childIDs": [19],"position": {"x1": -0.8944,"x2": 0.1858,"x3": -1.8466},"axis": {"x1": 1.0},"type": "REVOLUTE","name": "Left Foot Pitch"},{"id": 21,"childIDs": [22,23],"position": {"x1": 0.9264,"x2": -0.02718,"x3": 2.6457},"axis": {"x2": 1.0},"motorID": 12,"type": "REVOLUTE","name": "Right Hip Roll","bodyID": 48,"bodyIsChild": true},{"id": 13,"childIDs": [15,16],"position": {"x1": -0.8944,"x2": 0.0585,"x3": 0.5289},"axis": {"x1": 1.0},"motorID": 13,"type": "REVOLUTE","name": "Left Knee Top Pitch","parallelLinkIDs": [14],"parallelOponentLinkID": 11,"bodyID": 49,"bodyIsChild": true},{"id": 11,"childIDs": [13],"position": {"x1": -0.8944,"x2": 0.1678,"x3": 2.3089},"axis": {"x1": 1.0},"type": "REVOLUTE","name": "Left Hip Pitch"},{"id": 25,"position": {"x1": -0.8944,"x2": -0.3419,"x3": 0.5269},"axis": {"x1": 1.0},"type": "REVOLUTE","name": "Right Knee Top Pitch","parallelOponentLinkID": 23},{"id": 16,"childIDs": [18],"position": {"x1": -0.8944,"x2": -0.334,"x3": -0.06024},"axis": {"x1": 1.0},"type": "REVOLUTE","name": "Left Knee Bottom Pitch","parallelOponentLinkID": 18},{"id": 6,"childIDs": [7],"position": {"x1": 1.3176,"x2": 0.1845,"x3": 5.9528},"axis": {"x1": 1.0},"motorID": 4,"type": "REVOLUTE","name": "Right Shoulder Pitch","bodyID": 43,"bodyIsChild": true},{"id": 27,"childIDs": [29],"position": {"x1": -0.8944,"x2": -0.334,"x3": -0.06024},"axis": {"x1": 1.0},"type": "REVOLUTE","name": "Right Knee Bottom Pitch","parallelOponentLinkID": 29},{"id": 18,"position": {"x1": -0.8944,"x2": -0.1803,"x3": -1.8466},"axis": {"x1": 1.0},"type": "REVOLUTE","name": "Left Foot Pitch"},{"id": 19,"childIDs": [20],"position": {"x1": -0.8944,"x2": -0.002041,"x3": -1.9292},"axis": {"x2": 1.0},"motorID": 17,"type": "REVOLUTE","name": "Left Foot Roll","bodyID": 53},{"id": 12,"childIDs": [14],"position": {"x1": -0.8944,"x2": -0.2264,"x3": 2.3177},"axis": {"x1": 1.0},"type": "REVOLUTE","name": "Left Hip Pitch"},{"id": 29,"position": {"x1": -0.8944,"x2": -0.1803,"x3": -1.8466},"axis": {"x1": 1.0},"type": "REVOLUTE","name": "Right Foot Pitch"},{"id": 14,"position": {"x1": -0.8944,"x2": -0.3419,"x3": 0.5269},"axis": {"x1": 1.0},"type": "REVOLUTE","name": "Left Knee Top Pitch","parallelOponentLinkID": 12},{"id": 28,"childIDs": [30],"position": {"x1": -0.8944,"x2": 0.1858,"x3": -1.8466},"axis": {"x1": 1.0},"type": "REVOLUTE","name": "Right Foot Pitch"},{"id": 26,"childIDs": [28],"position": {"x1": -0.8944,"x2": 0.05405,"x3": -0.06024},"axis": {"x1": 1.0},"motorID": 16,"type": "REVOLUTE","name": "Right Knee Bottom Pitch","parallelLinkIDs": [27],"parallelOponentLinkID": 28,"bodyID": 52},{"id": 8,"position": {"x1": 3.3057,"x2": 0.1823,"x3": 4.0},"axis": {"x1": 1.0,"x2": 0.0,"x3": 1.0},"motorID": 8,"type": "REVOLUTE","name": "Right Fore Arm Pitch","bodyID": 42},{"id": 3,"childIDs": [4],"position": {"x1": -1.335,"x2": 0.1902,"x3": 5.9528},"axis": {"x1": 1.0},"motorID": 3,"type": "REVOLUTE","name": "Left Shoulder Pitch","bodyID": 46,"bodyIsChild": true},{"id": 2,"childIDs": [1],"position": {"x1": 0.0,"x2": 0.1157,"x3": 6.1249},"axis": {"x3": 1.0},"motorID": 2,"type": "REVOLUTE","name": "Neck Yaw","bodyID": 34,"bodyIsChild": true},{"id": 20,"position": {"x1": -0.8944,"x2": -0.01021,"x3": -2.6995},"axis": {"x3": 1.0},"motorID": 19,"type": "REVOLUTE","name": "Left Foot Yaw","bodyID": 55,"bodyIsChild": true},{"id": 1,"position": {"x1": -0.01438,"x2": 0.1157,"x3": 6.6937},"axis": {"x1": 1.0},"motorID": 1,"type": "REVOLUTE","name": "Neck Pitch","bodyID": 33,"bodyIsChild": false},{"id": 30,"childIDs": [31],"position": {"x1": 0.9399,"x2": -4.06E-4,"x3": -1.9296},"axis": {"x2": 1.0},"motorID": 18,"type": "REVOLUTE","name": "Right Foot Roll","bodyID": 54},{"id": 15,"childIDs": [17],"position": {"x1": -0.8944,"x2": 0.05405,"x3": -0.06024},"axis": {"x1": 1.0},"motorID": 15,"type": "REVOLUTE","name": "Left Knee Bottom Pitch","parallelLinkIDs": [16],"parallelOponentLinkID": 17,"bodyID": 51}],"sensors": [{"id": 1,"type": "MOTOR","de.fumanoids.message.Motor.type": "RX-28","de.fumanoids.message.Motor.workingAngle": {"min": 0.0,"max": 300.0},"de.fumanoids.message.Motor.valueRegion": {"min": 0.0,"max": 1023.0},"de.fumanoids.message.Motor.modelInit": 512,"de.fumanoids.message.Motor.motorIdle": 512,"de.fumanoids.message.Motor.ccwRotation": false},{"id": 3,"type": "MOTOR","de.fumanoids.message.Motor.type": "RX-28","de.fumanoids.message.Motor.workingAngle": {"min": 0.0,"max": 300.0},"de.fumanoids.message.Motor.valueRegion": {"min": 0.0,"max": 1023.0},"de.fumanoids.message.Motor.modelInit": 512,"de.fumanoids.message.Motor.motorIdle": 512,"de.fumanoids.message.Motor.ccwRotation": false},{"id": 15,"type": "MOTOR","de.fumanoids.message.Motor.type": "RX-64","de.fumanoids.message.Motor.workingAngle": {"min": 0.0,"max": 300.0},"de.fumanoids.message.Motor.valueRegion": {"min": 0.0,"max": 1023.0},"de.fumanoids.message.Motor.modelInit": 512,"de.fumanoids.message.Motor.motorIdle": 512,"de.fumanoids.message.Motor.ccwRotation": false},{"id": 2,"type": "MOTOR","de.fumanoids.message.Motor.type": "RX-28","de.fumanoids.message.Motor.workingAngle": {"min": 0.0,"max": 300.0},"de.fumanoids.message.Motor.valueRegion": {"min": 0.0,"max": 1023.0},"de.fumanoids.message.Motor.modelInit": 512,"de.fumanoids.message.Motor.motorIdle": 512,"de.fumanoids.message.Motor.ccwRotation": true},{"id": 18,"type": "MOTOR","de.fumanoids.message.Motor.type": "RX-64","de.fumanoids.message.Motor.workingAngle": {"min": 0.0,"max": 300.0},"de.fumanoids.message.Motor.valueRegion": {"min": 0.0,"max": 1023.0},"de.fumanoids.message.Motor.modelInit": 512,"de.fumanoids.message.Motor.motorIdle": 512,"de.fumanoids.message.Motor.ccwRotation": true},{"id": 7,"type": "MOTOR","de.fumanoids.message.Motor.type": "RX-28","de.fumanoids.message.Motor.workingAngle": {"min": 0.0,"max": 300.0},"de.fumanoids.message.Motor.valueRegion": {"min": 0.0,"max": 1023.0},"de.fumanoids.message.Motor.modelInit": 512,"de.fumanoids.message.Motor.motorIdle": 512,"de.fumanoids.message.Motor.ccwRotation": false},{"id": 20,"type": "MOTOR","de.fumanoids.message.Motor.type": "RX-28","de.fumanoids.message.Motor.workingAngle": {"min": 0.0,"max": 300.0},"de.fumanoids.message.Motor.valueRegion": {"min": 0.0,"max": 1023.0},"de.fumanoids.message.Motor.modelInit": 512,"de.fumanoids.message.Motor.motorIdle": 512,"de.fumanoids.message.Motor.ccwRotation": false},{"id": 16,"type": "MOTOR","de.fumanoids.message.Motor.type": "RX-64","de.fumanoids.message.Motor.workingAngle": {"min": 0.0,"max": 300.0},"de.fumanoids.message.Motor.valueRegion": {"min": 0.0,"max": 1023.0},"de.fumanoids.message.Motor.modelInit": 512,"de.fumanoids.message.Motor.motorIdle": 512,"de.fumanoids.message.Motor.ccwRotation": true},{"id": 11,"type": "MOTOR","de.fumanoids.message.Motor.type": "RX-64","de.fumanoids.message.Motor.workingAngle": {"min": 0.0,"max": 300.0},"de.fumanoids.message.Motor.valueRegion": {"min": 0.0,"max": 1023.0},"de.fumanoids.message.Motor.modelInit": 512,"de.fumanoids.message.Motor.motorIdle": 512,"de.fumanoids.message.Motor.ccwRotation": false},{"id": 19,"type": "MOTOR","de.fumanoids.message.Motor.type": "RX-28","de.fumanoids.message.Motor.workingAngle": {"min": 0.0,"max": 300.0},"de.fumanoids.message.Motor.valueRegion": {"min": 0.0,"max": 1023.0},"de.fumanoids.message.Motor.modelInit": 512,"de.fumanoids.message.Motor.motorIdle": 512,"de.fumanoids.message.Motor.ccwRotation": false},{"id": 6,"type": "MOTOR","de.fumanoids.message.Motor.type": "RX-28","de.fumanoids.message.Motor.workingAngle": {"min": 0.0,"max": 300.0},"de.fumanoids.message.Motor.valueRegion": {"min": 0.0,"max": 1023.0},"de.fumanoids.message.Motor.modelInit": 665,"de.fumanoids.message.Motor.motorIdle": 665,"de.fumanoids.message.Motor.ccwRotation": false},{"id": 5,"type": "MOTOR","de.fumanoids.message.Motor.type": "RX-28","de.fumanoids.message.Motor.workingAngle": {"min": 0.0,"max": 300.0},"de.fumanoids.message.Motor.valueRegion": {"min": 0.0,"max": 1023.0},"de.fumanoids.message.Motor.modelInit": 358,"de.fumanoids.message.Motor.motorIdle": 358,"de.fumanoids.message.Motor.ccwRotation": false},{"id": 13,"type": "MOTOR","de.fumanoids.message.Motor.type": "RX-64","de.fumanoids.message.Motor.workingAngle": {"min": 0.0,"max": 300.0},"de.fumanoids.message.Motor.valueRegion": {"min": 0.0,"max": 1023.0},"de.fumanoids.message.Motor.modelInit": 512,"de.fumanoids.message.Motor.motorIdle": 512,"de.fumanoids.message.Motor.ccwRotation": true},{"id": 9,"type": "MOTOR","de.fumanoids.message.Motor.type": "RX-64","de.fumanoids.message.Motor.workingAngle": {"min": 0.0,"max": 300.0},"de.fumanoids.message.Motor.valueRegion": {"min": 0.0,"max": 1023.0},"de.fumanoids.message.Motor.modelInit": 512,"de.fumanoids.message.Motor.motorIdle": 512,"de.fumanoids.message.Motor.ccwRotation": true},{"id": 4,"type": "MOTOR","de.fumanoids.message.Motor.type": "RX-28","de.fumanoids.message.Motor.workingAngle": {"min": 0.0,"max": 300.0},"de.fumanoids.message.Motor.valueRegion": {"min": 0.0,"max": 1023.0},"de.fumanoids.message.Motor.modelInit": 512,"de.fumanoids.message.Motor.motorIdle": 512,"de.fumanoids.message.Motor.ccwRotation": true},{"id": 17,"type": "MOTOR","de.fumanoids.message.Motor.type": "RX-64","de.fumanoids.message.Motor.workingAngle": {"min": 0.0,"max": 300.0},"de.fumanoids.message.Motor.valueRegion": {"min": 0.0,"max": 1023.0},"de.fumanoids.message.Motor.modelInit": 512,"de.fumanoids.message.Motor.motorIdle": 512,"de.fumanoids.message.Motor.ccwRotation": true},{"id": 8,"type": "MOTOR","de.fumanoids.message.Motor.type": "RX-28","de.fumanoids.message.Motor.workingAngle": {"min": 0.0,"max": 300.0},"de.fumanoids.message.Motor.valueRegion": {"min": 0.0,"max": 1023.0},"de.fumanoids.message.Motor.modelInit": 512,"de.fumanoids.message.Motor.motorIdle": 512,"de.fumanoids.message.Motor.ccwRotation": false},{"id": 12,"type": "MOTOR","de.fumanoids.message.Motor.type": "RX-64","de.fumanoids.message.Motor.workingAngle": {"min": 0.0,"max": 300.0},"de.fumanoids.message.Motor.valueRegion": {"min": 0.0,"max": 1023.0},"de.fumanoids.message.Motor.modelInit": 512,"de.fumanoids.message.Motor.motorIdle": 512,"de.fumanoids.message.Motor.ccwRotation": false},{"id": 14,"type": "MOTOR","de.fumanoids.message.Motor.type": "RX-64","de.fumanoids.message.Motor.workingAngle": {"min": 0.0,"max": 300.0},"de.fumanoids.message.Motor.valueRegion": {"min": 0.0,"max": 1023.0},"de.fumanoids.message.Motor.modelInit": 512,"de.fumanoids.message.Motor.motorIdle": 512,"de.fumanoids.message.Motor.ccwRotation": false}],"timestamp": "Dec 6, 2012"}